{
 "cells": [
  {
   "cell_type": "code",
   "execution_count": 188,
   "metadata": {},
   "outputs": [],
   "source": [
    "import numpy as np\n",
    "import h5py,time, matplotlib.pyplot as plt\n",
    "from scipy.optimize import fmin_cg, minimize\n",
    "from drift.core import manager\n",
    "import corrcal2\n",
    "import sys\n",
    "sys.path.insert(0,'/home/zahra/PIPELINE')\n",
    "from hirax_transfer import core\n",
    "from log_red_cal_new import Visibilities_grid, Bls_counts, colour_scatterplot, Scatterplot, index_find\n",
    "from decimal import Decimal\n",
    "from operator import add,sub\n",
    "import scipy as sp\n",
    "from cora.util import hputil\n",
    "from astropy.stats import gaussian_fwhm_to_sigma\n",
    "from hirax_transfer.beams import separations\n",
    "import healpy as hp\n",
    "from cora.core import skysim\n",
    "from cora.foreground import gaussianfg, galaxy\n",
    "from cora.util import coord\n",
    "from drift.core import visibility\n",
    "sys.path.insert(0,'/home/zahra/hirax_tools/')\n",
    "from hirax_tools import array_config"
   ]
  },
  {
   "cell_type": "code",
   "execution_count": 189,
   "metadata": {},
   "outputs": [
    {
     "name": "stdout",
     "output_type": "stream",
     "text": [
      "Product directory: /home/zahra/PIPELINE/example_5by5_kl_nodishscatter_lmax_200/bt_matrices\n"
     ]
    }
   ],
   "source": [
    "#m=manager.ProductManager.from_config('/home/zahra/PIPELINE/5by5_dishvar_pt1_kl/prod_params_custom.yaml')\n",
    "\n",
    "#m=manager.ProductManager.from_config('/media/zahra/DATA/5by5_dishvar_pt01/prod_params_custom.yaml')\n",
    "m=manager.ProductManager.from_config('/home/zahra/PIPELINE/example_5by5_kl_nodishscatter_lmax_200/prod_params_custom.yaml')\n",
    "\n",
    "\n",
    "correlation_arr, _, _, arranged_corr_unique_bls_lengths, _ = Bls_counts(m)\n",
    "\n",
    "t=m.telescope\n",
    "Nfeeds,_=t.feedpositions.shape\n",
    "Ndish=Nfeeds/2\n",
    "Nbls=Ndish*(Ndish-1)/2\n",
    "antspos = t.feedpositions[:Ndish]\n",
    "x=t.feedpositions[:,0] #these are x and y positions not x and y polarizations\n",
    "y=t.feedpositions[:,1]\n"
   ]
  },
  {
   "cell_type": "code",
   "execution_count": 190,
   "metadata": {},
   "outputs": [],
   "source": [
    "runs=100\n",
    "time_channel=400\n",
    "sigma = 0.001\n",
    "sky = 1.\n",
    "dish_fluc = 5."
   ]
  },
  {
   "cell_type": "code",
   "execution_count": 191,
   "metadata": {},
   "outputs": [],
   "source": [
    "src=np.zeros(2*Nbls)\n",
    "#src=src.reshape([1,2*Nbls]) "
   ]
  },
  {
   "cell_type": "code",
   "execution_count": 192,
   "metadata": {},
   "outputs": [
    {
     "name": "stdout",
     "output_type": "stream",
     "text": [
      "128\n",
      "[2.0943951 0.       ]\n",
      "[[0.00637889 0.78539816]\n",
      " [0.00637889 2.35619449]\n",
      " [0.00637889 3.92699082]\n",
      " ...\n",
      " [3.13521376 2.35619449]\n",
      " [3.13521376 3.92699082]\n",
      " [3.13521376 5.49778714]]\n"
     ]
    }
   ],
   "source": [
    "lmax = t.lmax\n",
    "mmax = t.mmax\n",
    "nside = 128\n",
    "print nside\n",
    "angpos = hputil.ang_positions(nside)\n",
    "zenith = t.zenith #same as np.radians(120)\n",
    "frequencies = t.frequencies\n",
    "print zenith\n",
    "print angpos"
   ]
  },
  {
   "cell_type": "code",
   "execution_count": 193,
   "metadata": {},
   "outputs": [
    {
     "name": "stdout",
     "output_type": "stream",
     "text": [
      "[0.00000000e+000 0.00000000e+000 0.00000000e+000 ... 1.21457520e-192\n",
      " 1.21457520e-192 2.30466285e-189]\n"
     ]
    }
   ],
   "source": [
    "wavelength = (3.e8)/(frequencies[0]*10.**6)\n",
    "fwhm = 1.*wavelength/6.\n",
    "sigma_beam = gaussian_fwhm_to_sigma*fwhm\n",
    "seps = separations(angpos, zenith)\n",
    "beammodel = np.exp(-seps**2/2/sigma_beam**2)\n",
    "print beammodel"
   ]
  },
  {
   "cell_type": "code",
   "execution_count": 194,
   "metadata": {},
   "outputs": [],
   "source": [
    "sph_arr = coord.sph_to_cart(angpos)\n",
    "uhatc, vhatc = visibility.uv_plane_cart(zenith)\n"
   ]
  },
  {
   "cell_type": "code",
   "execution_count": 195,
   "metadata": {},
   "outputs": [],
   "source": [
    "HAC = array_config.HIRAXArrayConfig.from_n_elem_compact(Ndish, 6.)\n",
    "\n",
    "\n",
    "#uv = np.resize(np.repeat(3, sph_arr.shape[0]),(3, )\n",
    "#print uv.shape\n",
    "\n",
    "vis_all = np.array([])\n",
    "#fringes_all = np.array([])\n",
    "\n",
    "for i in correlation_arr:\n",
    "    dish_0, dish_1 = i\n",
    "    bl_ind = [np.int(dish_0), np.int(dish_1)]\n",
    "    #v_coord, u_coord, _ = HAC.uvw_coords(frequencies[0],bl_ind)\n",
    "    u_coord = (x[bl_ind[0]] - x[bl_ind[1]])/wavelength\n",
    "    v_coord = (y[bl_ind[0]] - y[bl_ind[1]])/wavelength\n",
    "    uv = u_coord * uhatc + v_coord * vhatc\n",
    "    #print np.inner(sph_arr[0], uv), 'print '\n",
    "    #print np.exp(np.inner(sph_arr[0], uv)), 'exp'\n",
    "    fringes_ind = np.exp(1j*2*np.pi*np.sum(np.inner(np.abs(sph_arr), np.abs(uv))))\n",
    "    vis_ind = np.sum(beammodel**2*fringes_ind*sky)\n",
    "    vis_all = np.append(vis_all, vis_ind)\n",
    "    #fringes_all = np.append(fringes_all, fringes_ind)"
   ]
  },
  {
   "cell_type": "code",
   "execution_count": 196,
   "metadata": {},
   "outputs": [],
   "source": [
    "vis_ = vis_all\n",
    "\n",
    "vis_new = np.zeros(300, dtype= 'complex')\n",
    "vis_new[:188] += vis_[:188]\n",
    "\n",
    "vis_new[188:196] += vis_[188:196]\n",
    "vis_new[196:204] += vis_[204:212]\n",
    "vis_new[204:212] += vis_[196:204]\n",
    "vis_new[212:220] += vis_[212:220]\n",
    "\n",
    "vis_new[220:226] += vis_[220:226]\n",
    "vis_new[226:232] += vis_[232:238]\n",
    "vis_new[232:238] += vis_[226:232]\n",
    "vis_new[238:244] += vis_[238:244]\n",
    "\n",
    "vis_new[244:254] += vis_[244:254]\n",
    "\n",
    "vis_new[254:258] += vis_[254:258]\n",
    "vis_new[258:262] += vis_[262:266]\n",
    "vis_new[262:266] += vis_[258:262]\n",
    "vis_new[266:270] += vis_[266:270]\n",
    "\n",
    "vis_new[270:274] += vis_[270:274]\n",
    "vis_new[274:278] += vis_[274:278]\n",
    "\n",
    "vis_new[278:281] += vis_[278:281]\n",
    "vis_new[281:284] += vis_[284:287]\n",
    "vis_new[284:287] += vis_[281:284]\n",
    "vis_new[287:290] += vis_[287:290]\n",
    "\n",
    "vis_new[290:292] += vis_[290:292]\n",
    "vis_new[292:294] += vis_[294:296]\n",
    "vis_new[294:296] += vis_[292:294]\n",
    "vis_new[296:298] += vis_[296:298]\n",
    "\n",
    "vis_new[298:299] += vis_[298:299]\n",
    "vis_new[299:300] += vis_[299:300]\n"
   ]
  },
  {
   "cell_type": "code",
   "execution_count": 197,
   "metadata": {},
   "outputs": [],
   "source": [
    "arranged_corr_counts = np.load('arranged_corr_counts_5by5_24_red_blocks.npy')\n",
    "lims = np.append(0, np.cumsum(arranged_corr_counts))\n",
    "\n",
    "arranged_corr_unique_bls = np.load('arranged_corr_unique_bls_5by5_24_red_blocks.npy')\n",
    "correlation_arr = np.load('corr_arr_5by5_24_red_blocks.npy')"
   ]
  },
  {
   "cell_type": "code",
   "execution_count": 198,
   "metadata": {},
   "outputs": [],
   "source": [
    "vis_newer_real = np.zeros(300)\n",
    "vis_newer_imag = np.zeros(300)\n",
    "\n",
    "for i in range(len(lims)-1):\n",
    "    vis_newer_real[lims[i]:lims[i+1]] += np.random.normal(vis_new.real[lims[i]], dish_fluc, arranged_corr_counts[i])\n",
    "    vis_newer_imag[lims[i]:lims[i+1]] += np.random.normal(vis_new.imag[lims[i]], dish_fluc, arranged_corr_counts[i])\n",
    "    "
   ]
  },
  {
   "cell_type": "code",
   "execution_count": 199,
   "metadata": {},
   "outputs": [],
   "source": [
    "vis_newer = np.array([])\n",
    "for element in range(300):\n",
    "    vis_newer = np.append(vis_newer,complex(vis_newer_real[element], vis_newer_imag[element]))"
   ]
  },
  {
   "cell_type": "code",
   "execution_count": 200,
   "metadata": {},
   "outputs": [],
   "source": [
    "ant1=correlation_arr[:,0].astype(int)\n",
    "ant2=correlation_arr[:,1].astype(int)\n"
   ]
  },
  {
   "cell_type": "raw",
   "metadata": {},
   "source": [
    "Cov_dic ={}\n",
    "\n",
    "for ubl_k in range(len(lims)-1):\n",
    "    \n",
    "    block_k = arranged_corr_counts[ubl_k]\n",
    "    dish_0, dish_1 = arranged_corr_unique_bls[ubl_k] # baseline for interferemeter pair alpha\n",
    "    bl_ind = [np.int(dish_0), np.int(dish_1)]\n",
    "    #v_coord, u_coord, _ = HAC.uvw_coords(frequencies[0],bl_ind)\n",
    "    u_coord = (x[bl_ind[0]] - x[bl_ind[1]])/wavelength\n",
    "    v_coord = (y[bl_ind[0]] - y[bl_ind[1]])/wavelength\n",
    "    uv = u_coord * uhatc + v_coord * vhatc\n",
    "    fringes_ind = np.exp(1j*2*np.pi*np.sum(np.inner(np.abs(sph_arr), np.abs(uv))))\n",
    "    vis_ind = np.sum(beammodel**2*fringes_ind*sky)\n",
    "    cov_ind = vis_ind**2\n",
    "    cov_k =cov_ind*np.ones((block_k,block_k), dtype='complex')\n",
    "    Cov_dic[ubl_k]= cov_k"
   ]
  },
  {
   "cell_type": "raw",
   "metadata": {},
   "source": [
    "Cov_dic ={}\n",
    "\n",
    "for ubl_k in range(len(lims)-1):\n",
    "    \n",
    "    block_k = arranged_corr_counts[ubl_k]\n",
    "    cov_ind = vis_new[ubl_k]**2\n",
    "    cov_k =cov_ind*np.ones((block_k,block_k), dtype='complex')\n",
    "    Cov_dic[ubl_k]= cov_k"
   ]
  },
  {
   "cell_type": "raw",
   "metadata": {},
   "source": [
    "Cov_dic ={}\n",
    "\n",
    "for ubl_k in range(len(lims)-1):\n",
    "    \n",
    "    block_k = arranged_corr_counts[ubl_k]\n",
    "    dish_0, dish_1 = arranged_corr_unique_bls[ubl_k] # baseline for interferemeter pair alpha\n",
    "    bl_ind = [np.int(dish_0), np.int(dish_1)]\n",
    "    u_coord, v_coord = HAC.uvw_coords(frequencies[0],bl_ind)[0], HAC.uvw_coords(frequencies[0],bl_ind)[1]\n",
    "    uv = u_coord * uhatc + v_coord * vhatc\n",
    "    fringes_ind = np.exp(1j*2*np.pi*np.sum(np.abs(np.inner(sph_arr, uv))))\n",
    "    sky = 0.1\n",
    "    interfer_beam_alpha = np.conj(beammodel)*beammodel*fringes_ind # interferometry beam for pair of antenna (i,j)\n",
    "    blm_alpha = hp.map2alm(interfer_beam_alpha,lmax=lmax,mmax=mmax,iter=10) #spherical harmonic transform of interferomtric beam\n",
    "    tmp_alpha_alpha = np.conj(blm_alpha[1:])*blm_alpha[1:]*sky**2\n",
    "    cov_alpha_alpha= np.sum(tmp_alpha_alpha)\n",
    "    cov_k =cov_alpha_alpha * np.ones((block_k,block_k), dtype='complex')\n",
    "    Cov_dic[ubl_k]= cov_k"
   ]
  },
  {
   "cell_type": "code",
   "execution_count": 201,
   "metadata": {},
   "outputs": [
    {
     "data": {
      "text/plain": [
       "array([-13.05404045-62.43731819j, -32.1064117 -63.1994721j ,\n",
       "       -15.10108999-46.45678952j, -20.06898121-54.16987728j,\n",
       "       -14.09458729-60.83812007j, -18.10044913-47.54905465j,\n",
       "       -16.70842824-53.49450821j, -25.14545728-61.96175646j,\n",
       "       -19.36301316-57.94124277j, -22.57665299-60.79052999j,\n",
       "       -21.21255919-62.07020644j, -23.30444277-53.14896345j,\n",
       "       -11.42306865-58.92258312j, -22.34802708-65.54883138j,\n",
       "       -18.93964639-54.49186262j, -23.36680463-53.90390663j,\n",
       "       -15.42125839-48.61097932j, -17.5642149 -56.38055152j,\n",
       "       -23.10625183-55.22599604j, -12.11348293-57.63846039j])"
      ]
     },
     "execution_count": 201,
     "metadata": {},
     "output_type": "execute_result"
    }
   ],
   "source": [
    "vis_newer[:20]"
   ]
  },
  {
   "cell_type": "code",
   "execution_count": 202,
   "metadata": {},
   "outputs": [],
   "source": [
    "Cov_dic ={} # dictionary of expected of the sky covariance matrices for all redundant blocks at observing frequency\n",
    "\n",
    "\n",
    "for ubl_k in range(len(lims)-1):\n",
    "    block_k = arranged_corr_counts[ubl_k]\n",
    "    cov_k =np.zeros((block_k,block_k), dtype='complex') \n",
    "    vis_block = vis_newer[lims[ubl_k]:lims[ubl_k+1]]\n",
    "    for bl_w in range(block_k):\n",
    "        for bl_z in range(block_k):\n",
    "            #print bl_z, 'blz'\n",
    "            cov_k[bl_w][bl_z] = vis_block[bl_w]*vis_block[bl_z]  \n",
    "    Cov_dic[ubl_k]= cov_k\n"
   ]
  },
  {
   "cell_type": "code",
   "execution_count": 203,
   "metadata": {},
   "outputs": [
    {
     "data": {
      "text/plain": [
       "array([[-3728.01073063+1630.11855434j, -3526.88715211+2829.64670865j,\n",
       "        -2703.50710989+1549.3203704j , -3120.24057125+1960.18913476j,\n",
       "        -3614.57774808+1674.21151154j, -2732.55145958+1750.85078457j,\n",
       "        -3121.94113266+1741.54892419j, -3540.47608742+2378.86619217j,\n",
       "        -3364.93025419+1965.34194079j, -3500.88112245+2203.18770398j,\n",
       "        -3598.58762401+2134.72229302j, -3014.26160384+2148.87562727j,\n",
       "        -3529.85087059+1482.40355538j, -3800.96119219+2251.02797386j,\n",
       "        -3155.08685474+1893.87970692j, -3060.58415683+2162.62439342j,\n",
       "        -2833.8294522 +1597.43170741j, -3290.96646319+1832.65647433j,\n",
       "        -3146.53314116+2163.61478404j, -3440.66099496+1508.74818112j],\n",
       "       [-3526.88715211+2829.64670865j, -2963.35160176+4058.21654163j,\n",
       "        -2451.20276101+2445.94172654j, -2779.16467452+3007.54940003j,\n",
       "        -3392.41044974+2844.06420637j, -2423.93468097+2670.56835471j,\n",
       "        -2844.37700369+2773.48054873j, -3108.61989527+3578.54928858j,\n",
       "        -3040.1790838 +3084.01760531j, -3117.07408836+3378.59833455j,\n",
       "        -3241.74512198+3333.47414501j, -2610.76439883+3179.25098302j,\n",
       "        -3357.1224032 +2613.72462075j, -3425.1365819 +3516.92128089j,\n",
       "        -2835.77286665+2946.51382946j, -2656.47419337+3207.43073616j,\n",
       "        -2577.06696027+2535.33950483j, -2999.29717824+2920.22630856j,\n",
       "        -2748.39496201+3233.41148383j, -3253.79979929+2616.12986537j],\n",
       "       [-2703.50710989+1549.3203704j , -2451.20276101+2445.94172654j,\n",
       "        -1930.19037379+1403.09631866j, -2213.49509574+1750.36462772j,\n",
       "        -2613.50010785+1573.51120121j, -1935.63991256+1558.93130892j,\n",
       "        -2232.86763026+1584.0453164j , -2498.8204652 +2103.86727658j,\n",
       "        -2399.36151583+1774.51934841j, -2483.2007881 +1966.84208027j,\n",
       "        -2563.24975104+1922.79517061j, -2117.20772087+1885.25687285j,\n",
       "        -2564.85325446+1420.47432623j, -2707.70869467+2028.0763918j ,\n",
       "        -2245.50768762+1702.76168728j, -2151.33822498+1899.55446956j,\n",
       "        -2025.43222378+1450.50092859j, -2354.02062531+1667.3848169j ,\n",
       "        -2216.692886  +1907.41501422j, -2494.77102677+1433.15710397j],\n",
       "       [-3120.24057125+1960.18913476j, -2779.16467452+3007.54940003j,\n",
       "        -2213.49509574+1750.36462772j, -2531.61159721+2174.26849864j,\n",
       "        -3012.72949024+1984.46115235j, -2212.46888134+1934.76019257j,\n",
       "        -2562.46981251+1978.67378727j, -2851.81703373+2605.63566107j,\n",
       "        -2750.07406279+2211.71375935j, -2839.92512431+2442.97852618j,\n",
       "        -2936.62101367+2394.76753468j, -2411.37640335+2329.04435388j,\n",
       "        -2962.57974628+1801.30244048j, -3102.2700157 +2526.08814966j,\n",
       "        -2571.71810279+2119.55448778j, -2451.02004347+2347.57342867j,\n",
       "        -2323.76183885+1810.94050518j, -2701.63165779+2082.95159459j,\n",
       "        -2527.86649414+2359.99230311j, -2879.16306423+1812.93106207j],\n",
       "       [-3614.57774808+1674.21151154j, -3392.41044974+2844.06420637j,\n",
       "        -2613.50010785+1573.51120121j, -3012.72949024+1984.46115235j,\n",
       "        -3502.61946245+1714.97638765j, -2637.67673552+1771.3815989j ,\n",
       "        -3019.00691337+1770.49237864j, -3415.22193672+2403.12773404j,\n",
       "        -3252.12260538+1994.66722361j, -3380.17295611+2230.33855683j,\n",
       "        -3477.25240499+2165.38616542j, -2905.016517  +2166.91119216j,\n",
       "        -3423.73574832+1525.44751316j, -3672.88145517+2283.49568032j,\n",
       "        -3048.23598116+1920.29279546j, -2950.06687584+2181.34578307j,\n",
       "        -2740.04432366+1623.35206089j, -3182.52640276+1863.23441961j,\n",
       "        -3034.17269465+2184.12854521j, -3335.88103096+1549.35183983j],\n",
       "       [-2732.55145958+1750.85078457j, -2423.93468097+2670.56835471j,\n",
       "        -1935.63991256+1558.93130892j, -2212.46888134+1934.76019257j,\n",
       "        -2637.67673552+1771.3815989j , -1933.28633918+1721.31848997j,\n",
       "        -2241.18323907+1762.74459206j, -2491.07887381+2317.17834327j,\n",
       "        -2404.57208416+1969.45548855j, -2481.88467349+2173.83440279j,\n",
       "        -2567.42278962+2132.1357503j , -2105.3620867 +2070.12433232j,\n",
       "        -2594.95045178+1609.68133402j, -2712.27563795+2249.09084897j,\n",
       "        -2248.22044728+1886.88946877j, -2140.13014329+2086.75439043j,\n",
       "        -2032.27440891+1613.14681648j, -2362.92174703+1855.67511885j,\n",
       "        -2207.71036789+2098.29576332j, -2521.39482123+1619.26668194j],\n",
       "       [-3121.94113266+1741.54892419j, -2844.37700369+2773.48054873j,\n",
       "        -2232.86763026+1584.0453164j , -2562.46981251+1978.67378727j,\n",
       "        -3019.00691337+1770.49237864j, -2241.18323907+1762.74459206j,\n",
       "        -2582.49083487+1787.61830293j, -2894.47262163+2380.42743202j,\n",
       "        -2776.01277148+2003.92196341j, -2874.73911945+2223.44115668j,\n",
       "        -2965.98664542+2171.85101144j, -2453.79705223+2134.69534686j,\n",
       "        -2961.17308388+1595.5751912j , -3133.10209181+2290.71466314j,\n",
       "        -2598.56366967+1923.64044542j, -2493.14039743+2150.64527785j,\n",
       "        -2342.7554431 +1637.1656931j , -2722.5794522 +1881.61943699j,\n",
       "        -2568.21834832+2158.79717007j, -2880.94383235+1611.05289083j],\n",
       "       [-3540.47608742+2378.86619217j, -3108.61989527+3578.54928858j,\n",
       "        -2498.8204652 +2103.86727658j, -2851.81703373+2605.63566107j,\n",
       "        -3415.22193672+2403.12773404j, -2491.07887381+2317.17834327j,\n",
       "        -2894.47262163+2380.42743202j, -3206.96524227+3116.11339988j,\n",
       "        -3103.24935353+2656.7253507j , -3198.98775113+2927.4947492j ,\n",
       "        -3312.57951437+2875.15115043j, -2707.20225952+2780.43919729j,\n",
       "        -3363.70846072+2189.42869422j, -3499.56936605+3032.97835029j,\n",
       "        -2900.16545136+2543.7565606j , -2752.41174716+2803.28663914j,\n",
       "        -2624.2470677 +2177.87356047j, -3051.77778719+2506.02435538j,\n",
       "        -2840.88244888+2820.38687292j, -3266.78117792+2199.91812212j],\n",
       "       [-3364.93025419+1965.34194079j, -3040.1790838 +3084.01760531j,\n",
       "        -2399.36151583+1774.51934841j, -2750.07406279+2211.71375935j,\n",
       "        -3252.12260538+1994.66722361j, -2404.57208416+1969.45548855j,\n",
       "        -2776.01277148+2003.92196341j, -3103.24935353+2656.7253507j ,\n",
       "        -2982.26133519+2243.83409298j, -3085.12682725+2485.20716444j,\n",
       "        -3185.68583758+2430.94826594j, -2628.27276224+2379.41245522j,\n",
       "        -3192.86266467+1802.7855464j , -3365.25560973+2564.0953473j ,\n",
       "        -2790.59761848+2152.51330275j, -2670.80759449+2397.64375362j,\n",
       "        -2517.97852466+1834.78190876j, -2926.66309895+2109.38980066j,\n",
       "        -2752.45618561+2408.14663534j, -3105.09049687+1817.92452219j],\n",
       "       [-3500.88112245+2203.18770398j, -3117.07408836+3378.59833455j,\n",
       "        -2483.2007881 +1966.84208027j, -2839.92512431+2442.97852618j,\n",
       "        -3380.17295611+2230.33855683j, -2481.88467349+2173.83440279j,\n",
       "        -2874.73911945+2223.44115668j, -3198.98775113+2927.4947492j ,\n",
       "        -3085.12682725+2485.20716444j, -3185.78327599+2744.89340168j,\n",
       "        -3294.37215827+2690.86022734j, -2704.81733891+2616.61513198j,\n",
       "        -3324.04039917+2024.68910988j, -3480.20454714+2838.42163051j,\n",
       "        -2884.99538406+2381.59501523j, -2749.30281253+2637.4502327j ,\n",
       "        -2606.92679645+2034.93968248j, -3030.86242312+2340.62207964j,\n",
       "        -2835.55573898+2651.45944386j, -3230.39065406+2037.66856628j],\n",
       "       [-3598.58762401+2134.72229302j, -3241.74512198+3333.47414501j,\n",
       "        -2563.24975104+1922.79517061j, -2936.62101367+2394.76753468j,\n",
       "        -3477.25240499+2165.38616542j, -2567.42278962+2132.1357503j ,\n",
       "        -2965.98664542+2171.85101144j, -3312.57951437+2875.15115043j,\n",
       "        -3185.68583758+2430.94826594j, -3294.37215827+2690.86022734j,\n",
       "        -3402.73786046+2633.33585556j, -2804.62026196+2573.93710668j,\n",
       "        -3415.02437849+1958.93101106j, -3594.57064846+2777.60511951j,\n",
       "        -2980.56279184+2331.49962235j, -2850.15688602+2593.8221971j ,\n",
       "        -2690.16916507+1988.36396782j, -3126.97052404+2286.19023063j,\n",
       "        -2937.7462407 +2605.69453099j, -3320.67316159+1974.54563822j],\n",
       "       [-3014.26160384+2148.87562727j, -2610.76439883+3179.25098302j,\n",
       "        -2117.20772087+1885.25687285j, -2411.37640335+2329.04435388j,\n",
       "        -2905.016517  +2166.91119216j, -2105.3620867 +2070.12433232j,\n",
       "        -2453.79705223+2134.69534686j, -2707.20225952+2780.43919729j,\n",
       "        -2628.27276224+2379.41245522j, -2704.81733891+2616.61513198j,\n",
       "        -2804.62026196+2573.93710668j, -2281.71526302+2477.21395424j,\n",
       "        -2865.46596706+1980.28222444j, -2963.04412499+2715.35346405j,\n",
       "        -2454.80810905+2276.52506773j, -2320.38640181+2498.12195257j,\n",
       "        -2224.23932929+1952.47568423j, -2587.24363116+2247.43715192j,\n",
       "        -2396.72612168+2515.08439846j, -2781.12645481+1987.05126281j],\n",
       "       [-3529.85087059+1482.40355538j, -3357.1224032 +2613.72462075j,\n",
       "        -2564.85325446+1420.47432623j, -2962.57974628+1801.30244048j,\n",
       "        -3423.73574832+1525.44751316j, -2594.95045178+1609.68133402j,\n",
       "        -2961.17308388+1595.5751912j , -3363.70846072+2189.42869422j,\n",
       "        -3192.86266467+1802.7855464j , -3324.04039917+2024.68910988j,\n",
       "        -3415.02437849+1958.93101106j, -2865.46596706+1980.28222444j,\n",
       "        -3341.38430414+1346.15342399j, -3607.02341772+2065.5722839j ,\n",
       "        -2994.45242336+1738.43717633j, -2909.23680522+1992.58051414j,\n",
       "        -2688.12637599+1463.94693332j, -3121.4505007 +1678.96782271j,\n",
       "        -2990.11404125+1992.33038827j, -3257.83382594+1372.16579443j],\n",
       "       [-3800.96119219+2251.02797386j, -3425.1365819 +3516.92128089j,\n",
       "        -2707.70869467+2028.0763918j , -3102.2700157 +2526.08814966j,\n",
       "        -3672.88145517+2283.49568032j, -2712.27563795+2249.09084897j,\n",
       "        -3133.10209181+2290.71466314j, -3499.56936605+3032.97835029j,\n",
       "        -3365.25560973+2564.0953473j , -3480.20454714+2838.42163051j,\n",
       "        -3594.57064846+2777.60511951j, -2963.04412499+2715.35346405j,\n",
       "        -3607.02341772+2065.5722839j , -3797.21498057+2929.77411733j,\n",
       "        -3148.61418354+2459.25730908j, -3011.13610331+2736.31270173j,\n",
       "        -2841.75818609+2097.20494814j, -3303.15371436+2411.30785268j,\n",
       "        -3103.62036054+2748.77986024j, -3507.42127622+2082.13052325j],\n",
       "       [-3155.08685474+1893.87970692j, -2835.77286665+2946.51382946j,\n",
       "        -2245.50768762+1702.76168728j, -2571.71810279+2119.55448778j,\n",
       "        -3048.23598116+1920.29279546j, -2248.22044728+1886.88946877j,\n",
       "        -2598.56366967+1923.64044542j, -2900.16545136+2543.7565606j ,\n",
       "        -2790.59761848+2152.51330275j, -2884.99538406+2381.59501523j,\n",
       "        -2980.56279184+2331.49962235j, -2454.80810905+2276.52506773j,\n",
       "        -2994.45242336+1738.43717633j, -3148.61418354+2459.25730908j,\n",
       "        -2610.6528858 +2064.11321841j, -2494.76525723+2294.22163852j,\n",
       "        -2356.82962558+1761.00785274j, -2739.62124826+2024.9344943j ,\n",
       "        -2571.74314995+2305.06353717j, -2911.4019815 +1751.73830571j],\n",
       "       [-3060.58415683+2162.62439342j, -2656.47419337+3207.43073616j,\n",
       "        -2151.33822498+1899.55446956j, -2451.02004347+2347.57342867j,\n",
       "        -2950.06687584+2181.34578307j, -2140.13014329+2086.75439043j,\n",
       "        -2493.14039743+2150.64527785j, -2752.41174716+2803.28663914j,\n",
       "        -2670.80759449+2397.64375362j, -2749.30281253+2637.4502327j ,\n",
       "        -2850.15688602+2593.8221971j , -2320.38640181+2498.12195257j,\n",
       "        -2909.23680522+1992.58051414j, -3011.13610331+2736.31270173j,\n",
       "        -2494.76525723+2294.22163852j, -2359.6235908 +2519.12411023j,\n",
       "        -2259.97615798+1967.14932918j, -2628.71240661+2264.21313224j,\n",
       "        -2436.97766161+2535.97230151j, -2823.88479776+1999.79069577j],\n",
       "       [-2833.8294522 +1597.43170741j, -2577.06696027+2535.33950483j,\n",
       "        -2025.43222378+1450.50092859j, -2323.76183885+1810.94050518j,\n",
       "        -2740.04432366+1623.35206089j, -2032.27440891+1613.14681648j,\n",
       "        -2342.7554431 +1637.1656931j , -2624.2470677 +2177.87356047j,\n",
       "        -2517.97852466+1834.78190876j, -2606.92679645+2034.93968248j,\n",
       "        -2690.16916507+1988.36396782j, -2224.23932929+1952.47568423j,\n",
       "        -2688.12637599+1463.94693332j, -2841.75818609+2097.20494814j,\n",
       "        -2356.82962558+1761.00785274j, -2259.97615798+1967.14932918j,\n",
       "        -2125.21209962+1499.28494552j, -2469.85152733+1723.27274036j,\n",
       "        -2328.2622713 +1974.8718849j , -2615.05685537+1477.70585893j],\n",
       "       [-3290.96646319+1832.65647433j, -2999.29717824+2920.22630856j,\n",
       "        -2354.02062531+1667.3848169j , -2701.63165779+2082.95159459j,\n",
       "        -3182.52640276+1863.23441961j, -2362.92174703+1855.67511885j,\n",
       "        -2722.5794522 +1881.61943699j, -3051.77778719+2506.02435538j,\n",
       "        -2926.66309895+2109.38980066j, -3030.86242312+2340.62207964j,\n",
       "        -3126.97052404+2286.19023063j, -2587.24363116+2247.43715192j,\n",
       "        -3121.4505007 +1678.96782271j, -3303.15371436+2411.30785268j,\n",
       "        -2739.62124826+2024.9344943j , -2628.71240661+2264.21313224j,\n",
       "        -2469.85152733+1723.27274036j, -2870.26494469+1980.56024578j,\n",
       "        -2707.82894242+2272.74448429j, -3036.92436802+1695.33915273j],\n",
       "       [-3146.53314116+2163.61478404j, -2748.39496201+3233.41148383j,\n",
       "        -2216.692886  +1907.41501422j, -2527.86649414+2359.99230311j,\n",
       "        -3034.17269465+2184.12854521j, -2207.71036789+2098.29576332j,\n",
       "        -2568.21834832+2158.79717007j, -2840.88244888+2820.38687292j,\n",
       "        -2752.45618561+2408.14663534j, -2835.55573898+2651.45944386j,\n",
       "        -2937.7462407 +2605.69453099j, -2396.72612168+2515.08439846j,\n",
       "        -2990.11404125+1992.33038827j, -3103.62036054+2748.77986024j,\n",
       "        -2571.74314995+2305.06353717j, -2436.97766161+2535.97230151j,\n",
       "        -2328.2622713 +1974.8718849j , -2707.82894242+2272.74448429j,\n",
       "        -2516.01176509+2552.13154459j, -2903.24419809+2000.78794108j],\n",
       "       [-3440.66099496+1508.74818112j, -3253.79979929+2616.12986537j,\n",
       "        -2494.77102677+1433.15710397j, -2879.16306423+1812.93106207j,\n",
       "        -3335.88103096+1549.35183983j, -2521.39482123+1619.26668194j,\n",
       "        -2880.94383235+1611.05289083j, -3266.78117792+2199.91812212j,\n",
       "        -3105.09049687+1817.92452219j, -3230.39065406+2037.66856628j,\n",
       "        -3320.67316159+1974.54563822j, -2781.12645481+1987.05126281j,\n",
       "        -3257.83382594+1372.16579443j, -3507.42127622+2082.13052325j,\n",
       "        -2911.4019815 +1751.73830571j, -2823.88479776+1999.79069577j,\n",
       "        -2615.05685537+1477.70585893j, -3036.92436802+1695.33915273j,\n",
       "        -2903.24419809+2000.78794108j, -3175.45564705+1396.40501153j]])"
      ]
     },
     "execution_count": 203,
     "metadata": {},
     "output_type": "execute_result"
    }
   ],
   "source": [
    "Cov_dic[0]"
   ]
  },
  {
   "cell_type": "code",
   "execution_count": 204,
   "metadata": {},
   "outputs": [],
   "source": [
    "nvec=4\n",
    "vecs = np.zeros((2*300,2*nvec))\n",
    "thresh = 1.e-34\n",
    "\n",
    "for i in range(len(lims)-1):\n",
    "    myeig, myvecs=np.linalg.eig(Cov_dic[i])\n",
    "    ind = (np.abs(myeig)).argsort()[::-1][:nvec] #np.abs(myeig)>thresh*np.abs(myeig.max()) # picking up an index\n",
    "    #myeig_use=myeig[ind] # pict max eigenvalue\n",
    "    #myvecs_use=myvecs[:,ind] # pick  corresponding max eigenvec\n",
    "    for j in range(len(ind)): #was previously range(len(myvecs_use))\n",
    "            myvecs[:,ind[j]]= myvecs[:,ind[j]]*np.sqrt(myeig[ind[j]])\n",
    "            vecs[2*lims[i]:2*lims[i+1]:2,2*j]=  np.column_stack(myvecs[:,ind[j]].real)\n",
    "            vecs[(2*lims[i]+1):2*lims[i+1]:2,2*j+1]= np.column_stack(myvecs[:,ind[j]].imag)\n",
    "vecs = vecs.T"
   ]
  },
  {
   "cell_type": "code",
   "execution_count": 205,
   "metadata": {},
   "outputs": [],
   "source": [
    "v1=np.zeros(2*Nbls)\n",
    "v1[0::2]=1\n",
    "v2=np.zeros(2*Nbls)\n",
    "v2[1::2]=1\n",
    "#vecs=np.vstack([v1,v2])*1.e3"
   ]
  },
  {
   "cell_type": "code",
   "execution_count": 206,
   "metadata": {},
   "outputs": [
    {
     "name": "stdout",
     "output_type": "stream",
     "text": [
      "0\n",
      "0.001\n",
      "Warning: Desired error not necessarily achieved due to precision loss.\n",
      "         Current function value: 945479743.505571\n",
      "         Iterations: 17\n",
      "         Function evaluations: 194\n",
      "         Gradient evaluations: 176\n",
      "[1.00276882 0.99607885 0.9970256  0.99852177 1.00153888 0.99903764\n",
      " 1.00169838 1.00367177 0.99927065 1.00003224 1.00256093 0.99800853\n",
      " 0.99865386 1.00079617 1.00418517 1.00306041 0.99933638 0.99286457\n",
      " 0.99698622 0.99618351 0.99819554 1.00144421 1.0056618  1.00347748\n",
      " 1.001801  ]\n",
      "1\n",
      "0.001\n",
      "Warning: Desired error not necessarily achieved due to precision loss.\n",
      "         Current function value: 945524605.930302\n",
      "         Iterations: 22\n",
      "         Function evaluations: 151\n",
      "         Gradient evaluations: 133\n",
      "[1.00276835 0.99607191 0.99702684 0.99852226 1.00153938 0.99903854\n",
      " 1.00169518 1.00367864 0.99927129 1.00003019 1.00256911 0.99800499\n",
      " 0.99865411 1.00078863 1.0041843  1.00306587 0.99933363 0.99285991\n",
      " 0.9969805  0.99618789 0.99819842 1.00145452 1.00566709 1.00347007\n",
      " 1.00179895]\n",
      "2\n",
      "0.001\n",
      "Warning: Desired error not necessarily achieved due to precision loss.\n",
      "         Current function value: 945548546.860160\n",
      "         Iterations: 15\n",
      "         Function evaluations: 102\n",
      "         Gradient evaluations: 90\n",
      "[1.00276376 0.99607237 0.99702437 0.9985282  1.00153507 0.99904027\n",
      " 1.00170006 1.00367287 0.99927047 1.00004135 1.00256141 0.9980075\n",
      " 0.99864728 1.00079358 1.00418229 1.00306757 0.99933124 0.9928578\n",
      " 0.99698894 0.99618598 0.99819553 1.00145062 1.00566158 1.00347117\n",
      " 1.00180912]\n",
      "3\n",
      "0.001\n",
      "Warning: Desired error not necessarily achieved due to precision loss.\n",
      "         Current function value: 945540508.609098\n",
      "         Iterations: 18\n",
      "         Function evaluations: 162\n",
      "         Gradient evaluations: 148\n",
      "[1.00276801 0.99606706 0.99702739 0.99853189 1.00153715 0.99903743\n",
      " 1.00170261 1.00366775 0.999269   1.00003437 1.00256679 0.99800574\n",
      " 0.9986588  1.00079556 1.00418627 1.00306594 0.99933492 0.99286138\n",
      " 0.99698782 0.99618598 0.99819517 1.00145026 1.00565334 1.00346537\n",
      " 1.00180389]\n",
      "4\n",
      "0.001\n",
      "Warning: Desired error not necessarily achieved due to precision loss.\n",
      "         Current function value: 945433048.540329\n",
      "         Iterations: 20\n",
      "         Function evaluations: 159\n",
      "         Gradient evaluations: 139\n",
      "[1.00277142 0.99607213 0.99702859 0.9985226  1.00153139 0.9990412\n",
      " 1.00170244 1.00366632 0.99926981 1.00003652 1.00256278 0.99800936\n",
      " 0.99865764 1.00079883 1.00417563 1.00307066 0.9993314  0.99286057\n",
      " 0.99698621 0.99618461 0.99819618 1.00144853 1.00566169 1.00346842\n",
      " 1.00180564]\n",
      "5\n",
      "0.001\n",
      "Warning: Desired error not necessarily achieved due to precision loss.\n",
      "         Current function value: 945316958.892833\n",
      "         Iterations: 13\n",
      "         Function evaluations: 82\n",
      "         Gradient evaluations: 71\n",
      "[1.00277271 0.99607201 0.99702459 0.99852399 1.00153886 0.99903697\n",
      " 1.00169089 1.00367228 0.99926837 1.00003454 1.00256662 0.99801103\n",
      " 0.99864978 1.00079599 1.0041801  1.00306482 0.99933152 0.99287083\n",
      " 0.9969861  0.99618891 0.99818964 1.00145414 1.00566074 1.00346983\n",
      " 1.00180401]\n",
      "6\n",
      "0.001\n",
      "Warning: Desired error not necessarily achieved due to precision loss.\n",
      "         Current function value: 945487383.273781\n",
      "         Iterations: 15\n",
      "         Function evaluations: 96\n",
      "         Gradient evaluations: 84\n",
      "[1.00276475 0.99607247 0.99702509 0.99852735 1.00154277 0.99903795\n",
      " 1.00169293 1.0036726  0.99927438 1.00003044 1.00256167 0.99801076\n",
      " 0.99865636 1.00080037 1.00418459 1.00306842 0.99932868 0.99286585\n",
      " 0.99698686 0.99618808 0.99819433 1.00144584 1.00565819 1.00346491\n",
      " 1.00180355]\n",
      "7\n",
      "0.001\n",
      "Warning: Desired error not necessarily achieved due to precision loss.\n",
      "         Current function value: 945496784.491426\n",
      "         Iterations: 35\n",
      "         Function evaluations: 166\n",
      "         Gradient evaluations: 152\n",
      "[1.00276906 0.99607864 0.99702452 0.99853428 1.00154435 0.99904208\n",
      " 1.00169334 1.00367084 0.99926382 1.00002925 1.00256599 0.9980131\n",
      " 0.99865165 1.00079795 1.00417588 1.0030677  0.99932919 0.99285748\n",
      " 0.99698946 0.99618172 0.99819372 1.00145154 1.00565938 1.00347439\n",
      " 1.00180129]\n",
      "8\n",
      "0.001\n",
      "Warning: Desired error not necessarily achieved due to precision loss.\n",
      "         Current function value: 945407050.260419\n",
      "         Iterations: 11\n",
      "         Function evaluations: 103\n",
      "         Gradient evaluations: 92\n",
      "[1.0027673  0.99606866 0.99703239 0.99852638 1.00153524 0.99903341\n",
      " 1.00169941 1.00367449 0.99927209 1.00003358 1.0025626  0.99800924\n",
      " 0.99865855 1.00079738 1.00418209 1.00307016 0.99933306 0.99286627\n",
      " 0.99698029 0.99618125 0.99819173 1.00145005 1.00566136 1.0034708\n",
      " 1.00180344]\n",
      "9\n",
      "0.001\n",
      "Warning: Desired error not necessarily achieved due to precision loss.\n",
      "         Current function value: 945362580.225839\n",
      "         Iterations: 17\n",
      "         Function evaluations: 197\n",
      "         Gradient evaluations: 183\n",
      "[1.00276817 0.99607323 0.99703046 0.99852468 1.00153772 0.99903449\n",
      " 1.00169495 1.00367127 0.99927293 1.00003347 1.0025672  0.99800693\n",
      " 0.99865822 1.00079841 1.0041821  1.00307197 0.9993283  0.99286076\n",
      " 0.99698365 0.99618182 0.99819161 1.00144897 1.00566079 1.00347199\n",
      " 1.00180623]\n",
      "10\n",
      "0.001\n",
      "Warning: Desired error not necessarily achieved due to precision loss.\n",
      "         Current function value: 945523446.973399\n",
      "         Iterations: 24\n",
      "         Function evaluations: 151\n",
      "         Gradient evaluations: 140\n",
      "[1.00276741 0.99606759 0.99702026 0.99853133 1.00154123 0.99903631\n",
      " 1.00169223 1.00367405 0.99927647 1.00002823 1.0025707  0.99800745\n",
      " 0.99865747 1.00079628 1.00418127 1.00306621 0.99933317 0.9928622\n",
      " 0.99698461 0.99618745 0.99819556 1.00144616 1.00565466 1.00347146\n",
      " 1.00181011]\n",
      "11\n",
      "0.001\n",
      "Warning: Desired error not necessarily achieved due to precision loss.\n",
      "         Current function value: 945322238.652983\n",
      "         Iterations: 22\n",
      "         Function evaluations: 198\n",
      "         Gradient evaluations: 172\n",
      "[1.00276167 0.9960696  0.99703037 0.99853013 1.00153666 0.9990281\n",
      " 1.00169335 1.0036688  0.99927008 1.00002751 1.00256726 0.99801121\n",
      " 0.99865487 1.00079916 1.00418661 1.0030695  0.9993308  0.99286844\n",
      " 0.99699273 0.99618559 0.99819634 1.0014455  1.00566158 1.00347616\n",
      " 1.00179547]\n",
      "12\n",
      "0.001\n",
      "Warning: Desired error not necessarily achieved due to precision loss.\n",
      "         Current function value: 945432219.678266\n",
      "         Iterations: 16\n",
      "         Function evaluations: 119\n",
      "         Gradient evaluations: 108\n",
      "[1.00276426 0.99607904 0.99702677 0.99852879 1.00153639 0.99903447\n",
      " 1.00170218 1.00367211 0.9992683  1.00003186 1.0025723  0.99800991\n",
      " 0.99865165 1.00080128 1.00418534 1.00306776 0.99932995 0.99286281\n",
      " 0.99698852 0.996176   0.99818889 1.00145032 1.0056591  1.0034665\n",
      " 1.00180573]\n",
      "13\n",
      "0.001\n",
      "Warning: Desired error not necessarily achieved due to precision loss.\n",
      "         Current function value: 945475960.173982\n",
      "         Iterations: 19\n",
      "         Function evaluations: 109\n",
      "         Gradient evaluations: 99\n",
      "[1.00276995 0.99607122 0.99702284 0.9985247  1.00153706 0.99903458\n",
      " 1.00169685 1.00367573 0.99927149 1.00002624 1.00256992 0.99801546\n",
      " 0.99866142 1.00079377 1.004178   1.00307161 0.99933258 0.99285708\n",
      " 0.9969832  0.99618171 0.99819785 1.00145292 1.00565794 1.00347296\n",
      " 1.00180416]\n",
      "14\n",
      "0.001\n",
      "Warning: Desired error not necessarily achieved due to precision loss.\n",
      "         Current function value: 945421974.640641\n",
      "         Iterations: 20\n",
      "         Function evaluations: 141\n",
      "         Gradient evaluations: 130\n",
      "[1.00276659 0.99607332 0.99702427 0.99852005 1.00154193 0.9990429\n",
      " 1.00170025 1.00366837 0.99927378 1.0000335  1.00256142 0.99800988\n",
      " 0.99865203 1.00079684 1.00418191 1.00306521 0.99933465 0.99286799\n",
      " 0.99699117 0.99617735 0.99819303 1.00144952 1.0056545  1.00347051\n",
      " 1.00180824]\n",
      "15\n",
      "0.001\n",
      "Warning: Desired error not necessarily achieved due to precision loss.\n",
